A-> 
        0.00       900.00       900.00       900.00       900.00 
      900.00       900.00       900.00       900.00       899.99 

        0.01         0.01         0.01         0.01         0.01 
        0.01         0.01         0.01         0.01         0.00 
C-> 
        0.10       300.07       400.06       433.39       444.50 
      448.20       449.43       449.84       449.98       450.02 

        0.06         0.06         0.06         0.06         0.06 
        0.05         0.05         0.05         0.05         0.10 
E-> 
        0.00         0.37         0.37         0.37         0.37 
        0.37         0.37         0.37         0.37         0.37 

        0.33         0.33         0.33         0.32         0.32 
        0.31         0.30         0.29         0.27         0.00 
H-> 
        1.00         1.00         0.81         0.57         0.57 
        0.57         0.57         0.57         0.57         0.57 

        0.57         0.57         0.57         0.57         0.57 
        0.57         0.57         0.57         0.57         0.57 
J-> 
        6.00         6.00         0.96         1.21         2.81 
        2.81         2.81         2.81         2.81         2.81 

        2.81         2.81         2.81         2.81         2.81 
        2.81         2.81         2.81         2.81         2.81 
N-> 
        3.00         3.00         1.71         1.71         1.71 
        1.71         1.71         1.71         1.71         1.71 

        1.71         1.71         1.71         1.71         1.71 
        1.71         1.71         1.71         1.71         1.71 
M-> 
        3.00         3.00         3.00         3.00         1.10 
        1.10         1.10         1.10         3.25         3.25 

        3.17         3.17         3.17         3.17         3.17 
        3.17         3.17         3.17         3.17         3.17 
P-> 
        4.00         4.00         4.00         4.00         1.85 
        1.85         1.85         1.85         0.99         0.99 

        1.93         1.93         1.93         1.93         1.93 
        1.93         1.93         1.93         1.93         1.93 
R-> 
        5.00         5.00         5.00         5.00         7.70 
        7.70         7.70         7.70         5.99         5.99 

        7.86         7.86         7.86         7.86         7.86 
        7.86         7.86         7.86         7.86         7.86 
D->

         6.00         6.00         6.00         6.00         6.00 
         6.00         6.00         6.00         6.00         6.00 

         6.00         6.00         6.00         6.00         6.00 
         6.00         6.00         6.00         6.00         6.00 

         6.00         6.00         6.00         6.00         6.00 
         6.00         6.00         6.00         6.00         6.00 

         3.17         3.17         3.17         3.17         3.17 
         3.17         3.17         3.17         3.17         3.17 

         3.17         3.17         3.17         3.17         3.17 
         3.17         3.17         3.17         3.17         3.17 

         3.17         3.17         3.17         3.17         3.17 
         3.17         3.17         3.17         3.17         3.17 

         2.23         2.23         2.23         2.23         2.23 
         2.23         2.23         2.23         2.23         2.23 

         2.23         2.23         2.23         2.23         2.23 
         2.23         2.23         2.23         2.23         2.23 

         2.23         2.23         2.23         2.23         2.23 
         2.23         2.23         2.23         2.23         2.23 

         1.91         1.91         1.91         1.91         1.91 
         1.91         1.91         1.91         1.91         1.91 


El histograma de la imagen es:
        0        1        2        3        4        5        6        7        8        9
  3919000  1999500  2666500  1999500  2666500  2417000  2666500  1999500  2666500  1999500

X =               0.80
SUM =          140466.38
C*E =        75017039.80
H*J =         3229608.91
P*R =        30283039.58


--- TIMES ---
Time loop 1: 0.008734
Time loop 2: 0.046701
Time loop 3: 0.077706
Time loop 4: 0.020138
Time loop 5: 0.011191
